# SPEC=test/cmass_masked-r1-v2-flag-wted_30_35_cmass+lowz_mask.fits
# z1=0.3 z2=0.35 zmean=0.325027
# PHOTO=test/cmass_masked-r1-v2-flag-wted_30_35_cmass+lowz_mask.fits
# PHOTO_RANDOM=test/cmass_random0_masked-r1-v2-flag_30_35_cmass+lowz_mask.fits
# N_SPEC=2093
# N_PHOT=2093
# N_PHOT_RANDOM=108199
# ERROR=jackknife-leave one out
# ESTIMATOR=Davis&Peebles
# NSIDE=4
# COSMO=Planck15
# theta [deg] thmin [arcsec] thmax [arcsec] s [Mpc/h] smin [Mpc/h] smax [Mpc/h] w [measured] err [Poisson] w std cov wsamples [jackknife-leave one out] 
8.298120468141169034e-03 2.312331193091924320e+01 3.662315543969717169e+01 1.300693511854509321e-01 1.006799000000000305e-01 1.594588023709018476e-01 1.300111005874640924e+01 1.192391304347826164e+01 9.138586552508749961e+00 9.156034943674690396e+00 1.308663813076597826e+01 1.509076758010487218e+01 1.199518218270388026e+01 2.277312661567442831e+02 4.017259197316247032e+00 -4.542034451886069135e+00 -5.307758660326618916e+00 1.945505396187049207e+00 -1.103698271243117368e+00 1.330176111711914633e+00 -6.115998516553631248e-01 6.069136199508001761e-02 -2.074754435885901027e-01 1.300111005874640924e+01 1.300111005874640924e+01 1.300111005874640924e+01 1.300111005874640924e+01 1.300111005874640924e+01 1.300111005874640924e+01 1.534955905375023377e+01 1.300111005874640924e+01 -1.000000000000000000e+00 1.300111005874640924e+01 1.300111005874640924e+01 1.399619730485012070e+01 1.445569057707428229e+01 1.300111005874640924e+01 1.300111005874640924e+01 1.300111005874640924e+01 1.541970849095809726e+01 1.300111005874640924e+01 1.410655541581267158e+01 1.624262840851919876e+01 1.646054987742685327e+01 1.300111005874640924e+01 1.300111005874640924e+01 1.300111005874640924e+01 1.437388741687416172e+01 1.300111005874640924e+01 1.300111005874640924e+01 1.300111005874640924e+01 1.181053149606299257e+01 1.180878012788981835e+01 1.184573681616559959e+01 1.178370098039215641e+01 1.184047267355982314e+01 1.189486796213253683e+01 1.395556520480532647e+01 1.186259920634920562e+01 -1.000000000000000000e+00 1.186367031872510047e+01 1.190538537549407039e+01 1.378794753633463088e+01 1.363509240390696320e+01 1.185324483775811188e+01 1.196178660049627851e+01 1.183796068796068823e+01 1.379051383399209563e+01 1.211099899091826515e+01 1.408664391023313023e+01 1.400057142857142800e+01 1.365103760889581253e+01 1.193513977439921447e+01 1.207470267591674862e+01 1.184294403892944025e+01 1.379903388506073725e+01 1.195600593178447824e+01 1.213723997970573265e+01 1.183292682926829187e+01 4.075000000000000000e+03 4.038000000000000000e+03 3.943000000000000000e+03 3.884000000000000000e+03 3.883000000000000000e+03 4.679000000000000000e+03 4.871000000000000000e+03 4.475000000000000000e+03 3.779000000000000000e+03 4.878000000000000000e+03 3.717000000000000000e+03 3.907000000000000000e+03 4.063000000000000000e+03 3.625000000000000000e+03 3.727000000000000000e+03 3.698000000000000000e+03 3.423000000000000000e+03 4.255000000000000000e+03 4.335000000000000000e+03 3.195000000000000000e+03 4.770000000000000000e+03 2.700000000000000000e+03 2.660000000000000000e+03 2.630000000000000000e+03 4.036000000000000000e+03 3.359000000000000000e+03 4.625000000000000000e+03 2.969000000000000000e+03
1.314272612288309647e-02 3.662315543969717169e+01 5.800447264506111367e+01 2.060063921914130070e-01 1.594588023709018476e-01 2.525539820119241941e-01 3.216635801220538937e+00 3.495274102079394929e+00 3.178638800872608972e+00 3.184707806495544524e+00 3.232149384177996687e+00 4.376117195898864942e+00 3.509102320372218031e+00 4.017259197316247032e+00 1.915040171224174514e+01 -9.208828519501279786e-01 -7.659968863023097763e-01 1.141703680614230887e+00 -3.913977374351672589e-01 6.597144594826223063e-01 -3.404216244961760091e-02 -7.966485591141093947e-02 5.721030690781043343e-02 3.428639111274887519e+00 3.342545961726058223e+00 3.590953789472296265e+00 3.216635801220538937e+00 3.216635801220538937e+00 3.408560673451666467e+00 3.216635801220538937e+00 -1.000000000000000000e+00 3.216635801220538937e+00 3.389532629278344089e+00 3.372254203046892052e+00 3.331013504339329856e+00 3.216635801220538937e+00 3.216635801220538937e+00 3.743609055156683851e+00 3.343667518521394655e+00 3.425525689992676703e+00 3.439489495830809318e+00 4.259403042897996983e+00 3.761622765516472455e+00 3.303600901714147220e+00 3.364761429447458596e+00 3.216635801220538937e+00 3.216635801220538937e+00 3.451031240596360128e+00 3.216635801220538937e+00 3.216635801220538937e+00 3.377613732515053258e+00 3.880202474690663372e+00 3.657738228323569984e+00 3.893614025205942575e+00 3.446504688832054519e+00 3.466251364716459449e+00 3.689042895320922888e+00 3.551693757984230260e+00 -1.000000000000000000e+00 3.477317554240631381e+00 3.677698297718218434e+00 3.692867409270570889e+00 3.705256034288292533e+00 3.454158557710814925e+00 3.470693856611517525e+00 3.937823466855724597e+00 3.668349341076614145e+00 3.706072583542940002e+00 3.767635996697550560e+00 4.280325368581596734e+00 4.000190476190476296e+00 3.661693784648668348e+00 3.703687190690623687e+00 3.547722669884086244e+00 3.467110970062413422e+00 3.708783508882961932e+00 3.506436845838079464e+00 3.569474775549820400e+00 3.666518847006651427e+00 0.000000000000000000e+00 0.000000000000000000e+00 0.000000000000000000e+00 0.000000000000000000e+00 0.000000000000000000e+00 0.000000000000000000e+00 0.000000000000000000e+00 0.000000000000000000e+00 0.000000000000000000e+00 0.000000000000000000e+00 0.000000000000000000e+00 0.000000000000000000e+00 0.000000000000000000e+00 0.000000000000000000e+00 0.000000000000000000e+00 0.000000000000000000e+00 0.000000000000000000e+00 0.000000000000000000e+00 0.000000000000000000e+00 0.000000000000000000e+00 0.000000000000000000e+00 0.000000000000000000e+00 0.000000000000000000e+00 0.000000000000000000e+00 0.000000000000000000e+00 0.000000000000000000e+00 0.000000000000000000e+00 0.000000000000000000e+00
2.081570767793475968e-02 5.800447264506111367e+01 9.186862263606916201e+01 3.262769686858351115e-01 2.525539820119241941e-01 3.999999553597461399e-01 2.725563113993942466e+00 3.307971014492752992e+00 2.153985507246376496e+00 2.162202935304256446e+00 2.728374470455165124e+00 2.645713430567710134e+00 3.310482826555567026e+00 -4.542034451886069135e+00 -9.208828519501279786e-01 6.999799556686360447e+00 6.468078857986350183e-01 -1.065737495615113994e+00 -1.009318949444911601e-01 -2.971328709328688311e-02 3.963554364265804708e-02 5.227435761826125515e-02 5.268038696093938628e-03 2.903678331065151497e+00 2.864592325241900106e+00 2.864768852522319609e+00 2.774290591551190843e+00 2.801711041007056924e+00 2.841220795917236863e+00 2.892182042670695896e+00 2.781468267542734907e+00 2.780640068582571622e+00 9.324497399861111369e-01 2.785078085211283305e+00 2.948699443144741750e+00 2.725563113993942466e+00 2.780407928377957472e+00 2.929073720298159600e+00 2.725563113993942466e+00 2.876190269662575627e+00 3.101910757744939851e+00 2.762191023677598167e+00 9.752632610574403227e-01 2.763623968039192302e+00 2.803809739342348895e+00 3.025884064832939480e+00 2.725563113993942466e+00 3.181874284600980651e+00 2.868152626643567071e+00 3.253071488048179916e+00 2.725563113993942466e+00 3.554855643044620095e+00 3.455227870570371174e+00 3.468082370840208206e+00 3.351898206090947241e+00 3.371224739935258619e+00 3.389742284981289266e+00 3.551693757984230260e+00 3.378757176629516579e+00 3.382055478618489985e+00 1.237160055430452044e+00 3.393322681019257381e+00 3.600694789081885894e+00 3.268568617806197452e+00 3.375572710726165049e+00 3.608635235732009505e+00 3.279320229320228819e+00 3.501460732084550109e+00 3.767635996697550560e+00 3.493893930707741902e+00 1.282695652173913015e+00 3.364138862224284487e+00 3.403451838093349835e+00 3.648783173659288614e+00 3.280981346309813418e+00 3.818290102112798401e+00 3.410555210820247929e+00 3.777178174438448721e+00 3.277642276422763956e+00 0.000000000000000000e+00 0.000000000000000000e+00 0.000000000000000000e+00 0.000000000000000000e+00 0.000000000000000000e+00 0.000000000000000000e+00 0.000000000000000000e+00 0.000000000000000000e+00 0.000000000000000000e+00 0.000000000000000000e+00 0.000000000000000000e+00 0.000000000000000000e+00 0.000000000000000000e+00 0.000000000000000000e+00 0.000000000000000000e+00 0.000000000000000000e+00 0.000000000000000000e+00 0.000000000000000000e+00 0.000000000000000000e+00 0.000000000000000000e+00 0.000000000000000000e+00 0.000000000000000000e+00 0.000000000000000000e+00 0.000000000000000000e+00 0.000000000000000000e+00 0.000000000000000000e+00 0.000000000000000000e+00 0.000000000000000000e+00
3.296832651627844279e-02 9.186862263606916201e+01 1.455033282811356230e+02 5.167638691322845590e-01 3.999999553597461399e-01 6.335277829048230336e-01 2.077616940265265999e+00 2.606673407482305027e+00 1.041156931344486836e+00 1.053027987808516919e+00 2.077876389601137852e+00 1.047965396167181540e+00 2.606438890190895030e+00 -5.307758660326618916e+00 -7.659968863023097763e-01 6.468078857986350183e-01 1.098231471563837713e+00 -6.935437878911715481e-01 -8.368318239505338763e-02 -1.547218657107316819e-01 2.219027785117681957e-03 -3.705946663685543482e-03 -7.074496104725832603e-03 2.115626126181758604e+00 2.135209443294997733e+00 2.129767608482067587e+00 2.152713004492858406e+00 2.126182864566263042e+00 1.621141851391138200e+00 1.767193060240799252e+00 2.170276811710771803e+00 2.167123164630319732e+00 2.230165995694377123e+00 2.155996315057623125e+00 2.250325474318076058e+00 2.088264859190354095e+00 2.165511934930455240e+00 2.241970760817596720e+00 2.114890827271598273e+00 1.692990068648758228e+00 2.222506336378240466e+00 1.837961583850975522e+00 1.696675683964947723e+00 1.668507427245339514e+00 2.146513047572521593e+00 2.228356619630265545e+00 2.109540425223478621e+00 2.171212871040837378e+00 2.279534916120807608e+00 2.380231573560264380e+00 2.114148253324374505e+00 2.638494152727950404e+00 2.703743651438019757e+00 2.670210518904456265e+00 2.696491849751948777e+00 2.668706478159949214e+00 2.070206657650603521e+00 2.231140630667817426e+00 2.719305794606999616e+00 2.722107364368717253e+00 2.764976678651248410e+00 2.731677698938044241e+00 2.787157295890576592e+00 2.594584099205218930e+00 2.739125770984177866e+00 2.816967833274977462e+00 2.646284692438539032e+00 2.175877203617934796e+00 2.791132238337811433e+00 2.341978081380757359e+00 2.162771084337349325e+00 2.107795856432445714e+00 2.695754221256918548e+00 2.780636918337373142e+00 2.647700082062799609e+00 2.721912713608089618e+00 2.792001736132042389e+00 2.916692664756988851e+00 2.644854957425314179e+00 0.000000000000000000e+00 0.000000000000000000e+00 0.000000000000000000e+00 0.000000000000000000e+00 0.000000000000000000e+00 0.000000000000000000e+00 0.000000000000000000e+00 0.000000000000000000e+00 0.000000000000000000e+00 0.000000000000000000e+00 0.000000000000000000e+00 0.000000000000000000e+00 0.000000000000000000e+00 0.000000000000000000e+00 0.000000000000000000e+00 0.000000000000000000e+00 0.000000000000000000e+00 0.000000000000000000e+00 0.000000000000000000e+00 0.000000000000000000e+00 0.000000000000000000e+00 0.000000000000000000e+00 0.000000000000000000e+00 0.000000000000000000e+00 0.000000000000000000e+00 0.000000000000000000e+00 0.000000000000000000e+00 0.000000000000000000e+00
5.221588283717609746e-02 1.455033282811356230e+02 2.304510281465322805e+02 8.184607620824765339e-01 6.335277829048230336e-01 1.003393741260130145e+00 2.535793008881305877e+00 3.072990777338603152e+00 7.987792097051147344e-01 8.183840696928593728e-01 2.536749438297527526e+00 1.131395362357508594e+00 3.073970616289086077e+00 1.945505396187049207e+00 1.141703680614230887e+00 -1.065737495615113994e+00 -6.935437878911715481e-01 1.280055465964077932e+00 4.596446604047167983e-01 3.165717904037375074e-01 5.851952726471741639e-02 8.586208293164721006e-02 2.223110412475971104e-02 2.607901173119780758e+00 2.610321169924481932e+00 2.360401591766462026e+00 2.360439382041022771e+00 2.652949966587783592e+00 2.715450478288642611e+00 2.775746811105340939e+00 2.364529905954366296e+00 2.584763776279173086e+00 2.672337006887048894e+00 2.387791374722830096e+00 2.658167285137658542e+00 2.565369920927361047e+00 2.605995100422259014e+00 2.698617371187183256e+00 2.581107635318262705e+00 2.699093728387981006e+00 2.174296838257620212e+00 2.772262598755694807e+00 2.835670361085189217e+00 2.696296742589371132e+00 2.661834154346498504e+00 2.412347457715539267e+00 2.577151729950188930e+00 2.386536707090975096e+00 1.781148984928288215e+00 2.263200681023190164e+00 2.567254338530574387e+00 3.150452571933181289e+00 3.149885150468975326e+00 2.877958284125463617e+00 2.883655994043187398e+00 3.225978348260194473e+00 3.284556766970554875e+00 3.376065703013777508e+00 2.846758641151164060e+00 3.131845520734409583e+00 3.220257770181105705e+00 2.920623405213389034e+00 3.205322580645161068e+00 3.085255855078324672e+00 3.164291162388920498e+00 3.265904450796242919e+00 3.120826887493553414e+00 3.286422799023187125e+00 2.674420099365628190e+00 3.358363796289571823e+00 3.375166666666665982e+00 3.259566844758846393e+00 3.230360177790938536e+00 2.934706761404413555e+00 3.122426481631672246e+00 2.909178762091515491e+00 2.199013810317155038e+00 2.705375378891360594e+00 3.106536585365853753e+00 0.000000000000000000e+00 0.000000000000000000e+00 0.000000000000000000e+00 0.000000000000000000e+00 0.000000000000000000e+00 0.000000000000000000e+00 0.000000000000000000e+00 0.000000000000000000e+00 0.000000000000000000e+00 0.000000000000000000e+00 0.000000000000000000e+00 0.000000000000000000e+00 0.000000000000000000e+00 0.000000000000000000e+00 0.000000000000000000e+00 0.000000000000000000e+00 0.000000000000000000e+00 0.000000000000000000e+00 0.000000000000000000e+00 0.000000000000000000e+00 0.000000000000000000e+00 0.000000000000000000e+00 0.000000000000000000e+00 0.000000000000000000e+00 0.000000000000000000e+00 0.000000000000000000e+00 0.000000000000000000e+00 0.000000000000000000e+00
8.270054044506822133e-02 2.304510281465322805e+02 3.649928630579589708e+02 1.296294224659016114e+00 1.003393741260130145e+00 1.589194708057902305e+00 1.250349243467871574e+00 1.543451521471736587e+00 4.021549963035673803e-01 4.172433756681226957e-01 1.250365618254327682e+00 6.295086710911499406e-01 1.543359119893494613e+00 -1.103698271243117368e+00 -3.913977374351672589e-01 -1.009318949444911601e-01 -8.368318239505338763e-02 4.596446604047167983e-01 3.962811669789456093e-01 8.424819846221955066e-02 2.508740227130700981e-02 6.003040250674026440e-02 8.194642193471136926e-03 1.304554746130917486e+00 1.297085840667193679e+00 1.320457871601710131e+00 1.287657532540185112e+00 1.306155222410332328e+00 1.218243482866672611e+00 1.409021794723800625e+00 1.335310641862534009e+00 1.353395411500557977e+00 1.325168961383677679e+00 1.216978988073957879e+00 1.354573463059745020e+00 1.307670140678115711e+00 1.290037067388805969e+00 1.355433324045665078e+00 1.302831713107812650e+00 1.229857653512572035e+00 1.011765560879586801e+00 1.186861178226772839e+00 1.144951363834755931e+00 1.321885597192683282e+00 1.302568077783886835e+00 9.788317557978409855e-01 1.292575606506061181e+00 1.222320346846028194e+00 8.568685712675088162e-01 1.197832737237807255e+00 1.279342659993982778e+00 1.604428258411790154e+00 1.584369256572977225e+00 1.631649027639559435e+00 1.582565854624678359e+00 1.607202573311639071e+00 1.512846064415571234e+00 1.729829372454688041e+00 1.638481888481888582e+00 1.650664189125727432e+00 1.628591636010237931e+00 1.502064511575381012e+00 1.647458638218476601e+00 1.610080173945191095e+00 1.583566801559419535e+00 1.665663054086638173e+00 1.610004714197852405e+00 1.531709575187836236e+00 1.286020336878056280e+00 1.475152516522623358e+00 1.423169230769230964e+00 1.609599574103580011e+00 1.609864267218000577e+00 1.242319752742342853e+00 1.601102590162924333e+00 1.516971236205982176e+00 1.085998439331337551e+00 1.469663912633976111e+00 1.573017910630233995e+00 0.000000000000000000e+00 0.000000000000000000e+00 0.000000000000000000e+00 0.000000000000000000e+00 0.000000000000000000e+00 0.000000000000000000e+00 0.000000000000000000e+00 0.000000000000000000e+00 0.000000000000000000e+00 0.000000000000000000e+00 0.000000000000000000e+00 0.000000000000000000e+00 0.000000000000000000e+00 0.000000000000000000e+00 0.000000000000000000e+00 0.000000000000000000e+00 0.000000000000000000e+00 0.000000000000000000e+00 0.000000000000000000e+00 0.000000000000000000e+00 0.000000000000000000e+00 0.000000000000000000e+00 0.000000000000000000e+00 0.000000000000000000e+00 0.000000000000000000e+00 0.000000000000000000e+00 0.000000000000000000e+00 0.000000000000000000e+00
1.309827397007436722e-01 3.649928630579589708e+02 5.780828627873954701e+02 2.053096244478226584e+00 1.589194708057902305e+00 2.516997780898550641e+00 7.174180254328847983e-01 9.477995218276809020e-01 2.264270951588081837e-01 2.419089050484795056e-01 7.167503729991983041e-01 4.782122353326860864e-01 9.469257908008141822e-01 1.330176111711914633e+00 6.597144594826223063e-01 -2.971328709328688311e-02 -1.547218657107316819e-01 3.165717904037375074e-01 8.424819846221955066e-02 2.286869420218843318e-01 3.017251000139914083e-02 4.713687422246054526e-02 1.566058986217089624e-02 7.056725076908283434e-01 7.562102783535740169e-01 7.104751200962240443e-01 6.930312576717772011e-01 7.659508652669451134e-01 7.311259474456546226e-01 7.339205520876310729e-01 5.917796975842728457e-01 6.703834323141528717e-01 7.014411106414806252e-01 7.242188490848993077e-01 7.286195656383527286e-01 7.492897062431966848e-01 7.050920757028862340e-01 5.901705867845628006e-01 7.482341945817452267e-01 7.779558373492230228e-01 6.913423534162674855e-01 8.823507263989176508e-01 7.726427801446913435e-01 7.314726423592892157e-01 7.733785113796549648e-01 7.856508721506445525e-01 7.431199938430981256e-01 7.667976871100616876e-01 3.550917887733171519e-01 8.331032481950975122e-01 6.504882556691031770e-01 9.306295504270756247e-01 9.902356524175255359e-01 9.440736747533855500e-01 9.145636413691842215e-01 1.006747577282844919e+00 9.711900069501966382e-01 9.731359586307513077e-01 8.033596338163517814e-01 8.949740437243469682e-01 9.271416207827865019e-01 9.613461678851147330e-01 9.521020320357924671e-01 9.835106921046068429e-01 9.340305711987129111e-01 8.086213861157596217e-01 9.843531924994064486e-01 1.024705646408008874e+00 9.224753237357237179e-01 1.123609115625207266e+00 1.006445859872611592e+00 9.659539283502369678e-01 1.017282072298296924e+00 1.028360582846624016e+00 9.758375444506832697e-01 1.007831208083148855e+00 5.266414143712379037e-01 1.065242966241949585e+00 8.695210781452247240e-01 0.000000000000000000e+00 0.000000000000000000e+00 0.000000000000000000e+00 0.000000000000000000e+00 0.000000000000000000e+00 0.000000000000000000e+00 0.000000000000000000e+00 0.000000000000000000e+00 0.000000000000000000e+00 0.000000000000000000e+00 0.000000000000000000e+00 0.000000000000000000e+00 0.000000000000000000e+00 0.000000000000000000e+00 0.000000000000000000e+00 0.000000000000000000e+00 0.000000000000000000e+00 0.000000000000000000e+00 0.000000000000000000e+00 0.000000000000000000e+00 0.000000000000000000e+00 0.000000000000000000e+00 0.000000000000000000e+00 0.000000000000000000e+00 0.000000000000000000e+00 0.000000000000000000e+00 0.000000000000000000e+00 0.000000000000000000e+00
2.074530348554195769e-01 5.780828627873954701e+02 9.155789881716254968e+02 3.251734142531867544e+00 2.516997780898550641e+00 3.986470504165184892e+00 1.847575187392682672e-01 3.446248064443169223e-01 1.179313969451149940e-01 1.317693894526051068e-01 1.853694206650891574e-01 1.512740380929452066e-01 3.452153076267160947e-01 -6.115998516553631248e-01 -3.404216244961760091e-02 3.963554364265804708e-02 2.219027785117681957e-03 5.851952726471741639e-02 2.508740227130700981e-02 3.017251000139914083e-02 2.288383460094584043e-02 8.271007487790556570e-03 1.729022729710993867e-03 2.110702039523588702e-01 1.956426402131279385e-01 1.576318386771378144e-01 1.488966052014457642e-01 2.100316185738879682e-01 1.970212970221787430e-01 1.337462719454685089e-01 1.939896716734856863e-01 2.233621403209182787e-01 1.772274845935992715e-01 1.830930305640745548e-01 2.382149754592672863e-01 2.069036534490058532e-01 1.902791246775767942e-01 1.414039783786031901e-01 1.901552089795450762e-01 2.263640303299225831e-01 1.316456734383861793e-01 2.220803531529489394e-01 1.623256229586731436e-01 1.509856860624076980e-01 1.886257475908228454e-01 1.851864261406508394e-01 1.999102605386877674e-01 1.751872849990054881e-01 1.408232071466635205e-01 2.047202613742238331e-01 2.038194812084215268e-01 3.743503977620705747e-01 3.569409115413999523e-01 3.158788642747081266e-01 3.014605267394314669e-01 3.730301851225801268e-01 3.610499377832039336e-01 2.910821758773043388e-01 3.539578111946530825e-01 3.892880331236494573e-01 3.378864495885194330e-01 3.447000680688467877e-01 4.008986319034475443e-01 3.684683608256613674e-01 3.526950373961261764e-01 2.978009111886135152e-01 3.519201711715080894e-01 3.964896855086954552e-01 2.864249379966323783e-01 3.845640636585281324e-01 3.180418410041840893e-01 3.046909403542257255e-01 3.521420099004488602e-01 3.465640629681701057e-01 3.601488595200224019e-01 3.358528922870966937e-01 2.872868655053921749e-01 3.602743709094839986e-01 3.621396103734462191e-01 0.000000000000000000e+00 0.000000000000000000e+00 0.000000000000000000e+00 0.000000000000000000e+00 0.000000000000000000e+00 0.000000000000000000e+00 0.000000000000000000e+00 0.000000000000000000e+00 0.000000000000000000e+00 0.000000000000000000e+00 0.000000000000000000e+00 0.000000000000000000e+00 0.000000000000000000e+00 0.000000000000000000e+00 0.000000000000000000e+00 0.000000000000000000e+00 0.000000000000000000e+00 0.000000000000000000e+00 0.000000000000000000e+00 0.000000000000000000e+00 0.000000000000000000e+00 0.000000000000000000e+00 0.000000000000000000e+00 0.000000000000000000e+00 0.000000000000000000e+00 0.000000000000000000e+00 0.000000000000000000e+00 0.000000000000000000e+00
3.285681897404958973e-01 9.155789881716254968e+02 1.450111977959945079e+03 5.150160379546492528e+00 3.986470504165184892e+00 6.313850254927800165e+00 3.781074702260380782e-01 5.546280065519122449e-01 8.148464830057965125e-02 1.061070354668786214e-01 3.777702709447036122e-01 1.671366792152535197e-01 5.541879999914890442e-01 6.069136199508001761e-02 -7.966485591141093947e-02 5.227435761826125515e-02 -3.705946663685543482e-03 8.586208293164721006e-02 6.003040250674026440e-02 4.713687422246054526e-02 8.271007487790556570e-03 2.793466953910255998e-02 5.360324877186879201e-03 3.732950304589652823e-01 3.593943894032087805e-01 3.724860669801968172e-01 3.656003467565500653e-01 4.037517857996577586e-01 4.084655186937096172e-01 4.164218230199183690e-01 3.933577975713489217e-01 3.680423965506141037e-01 4.081345208949329617e-01 4.001181597942360391e-01 4.016093022036284488e-01 4.090338289904673630e-01 3.519688042823974072e-01 3.814551725552779438e-01 3.675462244430742764e-01 3.617810424378666845e-01 3.685337340192587074e-01 3.842191098266019011e-01 3.224493713847231824e-01 3.736398167449712648e-01 3.756445977627298483e-01 3.917047458593074793e-01 3.966618490995601487e-01 3.739766875105761113e-01 2.519141791056629387e-01 4.134576344834417494e-01 3.829036498188178594e-01 5.493434060834641031e-01 5.328055542393150823e-01 5.494985374981249393e-01 5.379541706232195963e-01 5.846760786938227650e-01 5.920142169305298019e-01 6.035507550010086320e-01 5.689069236101711446e-01 5.443235735826581490e-01 5.904658864111849148e-01 5.815585671979042193e-01 5.768748506866028247e-01 5.902010850812342557e-01 5.289452071576903336e-01 5.615266535319500818e-01 5.426470073109583847e-01 5.415750342120804195e-01 5.475877977755798653e-01 5.592783283073383682e-01 4.878742007948850823e-01 5.455157405736485998e-01 5.563053717859878233e-01 5.732998348594808835e-01 5.738849020016216773e-01 5.524264294207199555e-01 4.007690956954563788e-01 5.862444903540795504e-01 5.572103003409742961e-01 0.000000000000000000e+00 0.000000000000000000e+00 0.000000000000000000e+00 0.000000000000000000e+00 0.000000000000000000e+00 0.000000000000000000e+00 0.000000000000000000e+00 0.000000000000000000e+00 0.000000000000000000e+00 0.000000000000000000e+00 0.000000000000000000e+00 0.000000000000000000e+00 0.000000000000000000e+00 0.000000000000000000e+00 0.000000000000000000e+00 0.000000000000000000e+00 0.000000000000000000e+00 0.000000000000000000e+00 0.000000000000000000e+00 0.000000000000000000e+00 0.000000000000000000e+00 0.000000000000000000e+00 0.000000000000000000e+00 0.000000000000000000e+00 0.000000000000000000e+00 0.000000000000000000e+00 0.000000000000000000e+00 0.000000000000000000e+00
5.203927500245302262e-01 1.450111977959945079e+03 2.296715822216672677e+03 8.156925127463900083e+00 6.313850254927800165e+00 1.000000000000000178e+01 8.084051197501063157e-02 2.186407136105861237e-01 4.625896889233185871e-02 7.055555643511786379e-02 8.075905204297673112e-02 7.425333763074935811e-02 2.184751821436012875e-01 -2.074754435885901027e-01 5.721030690781043343e-02 5.268038696093938628e-03 -7.074496104725832603e-03 2.223110412475971104e-02 8.194642193471136926e-03 1.566058986217089624e-02 1.729022729710993867e-03 5.360324877186879201e-03 5.513558149306057969e-03 7.628009880798880538e-02 9.541308033680850897e-02 7.247542607279378046e-02 8.833854897268134110e-02 8.519276060365954528e-02 1.018568679814750855e-01 6.000482040236798653e-02 6.856964586222003000e-02 9.442640911214650323e-02 7.851112326832598853e-02 8.884544307738551083e-02 8.408572038189077169e-02 8.183201846883991770e-02 6.064640966611789530e-02 8.909653418047613904e-02 7.026518607106191361e-02 8.503975235712779579e-02 1.133166224102262198e-01 7.441426016092167472e-02 8.503891830281840036e-02 8.436869685597692126e-02 8.317119246715098946e-02 7.095244171182324422e-02 8.836944536115765025e-02 7.360370511316838282e-02 3.710405459891941149e-02 9.389473522939972838e-02 7.613953936841832970e-02 2.125971811454894222e-01 2.344511334268635228e-01 2.119046244701587867e-01 2.248926423003030362e-01 2.247461399194417009e-01 2.463236748276775856e-01 1.998950494105842246e-01 2.043478907539586498e-01 2.346133310543645489e-01 2.174309174240594000e-01 2.295592881904064964e-01 2.186920879333933421e-01 2.194202465095427268e-01 1.977901929435998962e-01 2.312712436701414020e-01 2.069685680542243666e-01 2.276277847884180527e-01 2.578575025576674840e-01 2.055798681202156697e-01 2.206295058656240204e-01 2.193690982001561540e-01 2.251204535926056849e-01 2.087950046369371204e-01 2.256327771323693998e-01 2.125808583239876537e-01 1.582216244714267361e-01 2.301229498049810474e-01 2.108634604922383637e-01 0.000000000000000000e+00 0.000000000000000000e+00 0.000000000000000000e+00 0.000000000000000000e+00 0.000000000000000000e+00 0.000000000000000000e+00 0.000000000000000000e+00 0.000000000000000000e+00 0.000000000000000000e+00 0.000000000000000000e+00 0.000000000000000000e+00 0.000000000000000000e+00 0.000000000000000000e+00 0.000000000000000000e+00 0.000000000000000000e+00 0.000000000000000000e+00 0.000000000000000000e+00 0.000000000000000000e+00 0.000000000000000000e+00 0.000000000000000000e+00 0.000000000000000000e+00 0.000000000000000000e+00 0.000000000000000000e+00 0.000000000000000000e+00 0.000000000000000000e+00 0.000000000000000000e+00 0.000000000000000000e+00 0.000000000000000000e+00
